# 1001 7 
 0.00000 0.00000 -1.00000 1.00000 1.00000 0.00000 0.00000
 0.00500 0.00499 -0.99999 0.99999 0.99500 0.00499 -0.00499
 0.01500 0.01489 -0.99989 0.99989 0.98500 0.01489 -0.01489
 0.02500 0.02469 -0.99969 0.99969 0.97500 0.02469 -0.02469
 0.03500 0.03439 -0.99939 0.99939 0.96501 0.03439 -0.03439
 0.04500 0.04399 -0.99900 0.99900 0.95501 0.04399 -0.04399
 0.05500 0.05349 -0.99852 0.99852 0.94503 0.05349 -0.05349
 0.06500 0.06289 -0.99793 0.99793 0.93504 0.06289 -0.06289
 0.07500 0.07219 -0.99726 0.99726 0.92507 0.07219 -0.07219
 0.08500 0.08139 -0.99649 0.99649 0.91510 0.08139 -0.08139
 0.09500 0.09049 -0.99563 0.99563 0.90514 0.09049 -0.09049
 0.10500 0.09949 -0.99468 0.99468 0.89519 0.09949 -0.09949
 0.11500 0.10839 -0.99364 0.99364 0.88525 0.10839 -0.10839
 0.12500 0.11720 -0.99251 0.99251 0.87532 0.11720 -0.11720
 0.13500 0.12590 -0.99130 0.99130 0.86540 0.12590 -0.12590
 0.14500 0.13451 -0.99000 0.99000 0.85549 0.13451 -0.13451
 0.15500 0.14301 -0.98861 0.98861 0.84560 0.14301 -0.14301
 0.16500 0.15142 -0.98714 0.98714 0.83572 0.15142 -0.15142
 0.17500 0.15973 -0.98558 0.98558 0.82585 0.15973 -0.15973
 0.18500 0.16793 -0.98394 0.98394 0.81601 0.16793 -0.16793
 0.19500 0.17605 -0.98222 0.98222 0.80618 0.17605 -0.17605
 0.20500 0.18406 -0.98042 0.98042 0.79636 0.18406 -0.18406
 0.21500 0.19197 -0.97854 0.97854 0.78657 0.19197 -0.19197
 0.22500 0.19979 -0.97658 0.97658 0.77679 0.19979 -0.19979
 0.23500 0.20751 -0.97454 0.97454 0.76704 0.20751 -0.20751
 0.24500 0.21513 -0.97243 0.97243 0.75730 0.21513 -0.21513
 0.25500 0.22265 -0.97024 0.97024 0.74759 0.22265 -0.22265
 0.26500 0.23008 -0.96798 0.96798 0.73790 0.23008 -0.23008
 0.27500 0.23741 -0.96564 0.96564 0.72823 0.23741 -0.23741
 0.28500 0.24465 -0.96323 0.96323 0.71858 0.24465 -0.24465
 0.29500 0.25178 -0.96075 0.96075 0.70896 0.25178 -0.25178
 0.30500 0.25883 -0.95820 0.95820 0.69937 0.25883 -0.25883
 0.31500 0.26577 -0.95557 0.95557 0.68980 0.26577 -0.26577
 0.32500 0.27262 -0.95288 0.95288 0.68026 0.27262 -0.27262
 0.33500 0.27938 -0.95012 0.95012 0.67074 0.27938 -0.27938
 0.34500 0.28604 -0.94729 0.94729 0.66126 0.28604 -0.28604
 0.35500 0.29260 -0.94440 0.94440 0.65180 0.29260 -0.29260
 0.36500 0.29907 -0.94144 0.94144 0.64237 0.29907 -0.29907
 0.37500 0.30545 -0.93842 0.93842 0.63297 0.30545 -0.30545
 0.38500 0.31173 -0.93533 0.93533 0.62360 0.31173 -0.31173
 0.39500 0.31792 -0.93218 0.93218 0.61426 0.31792 -0.31792
 0.40500 0.32402 -0.92897 0.92897 0.60496 0.32402 -0.32402
 0.41500 0.33002 -0.92570 0.92570 0.59568 0.33002 -0.33002
 0.42500 0.33593 -0.92237 0.92237 0.58644 0.33593 -0.33593
 0.43500 0.34175 -0.91899 0.91899 0.57724 0.34175 -0.34175
 0.44500 0.34748 -0.91554 0.91554 0.56806 0.34748 -0.34748
 0.45500 0.35311 -0.91204 0.91204 0.55893 0.35311 -0.35311
 0.46500 0.35866 -0.90848 0.90848 0.54982 0.35866 -0.35866
 0.47500 0.36411 -0.90486 0.90486 0.54076 0.36411 -0.36411
 0.48500 0.36947 -0.90120 0.90120 0.53173 0.36947 -0.36947
 0.49500 0.37474 -0.89747 0.89747 0.52273 0.37474 -0.37474
 0.50500 0.37993 -0.89370 0.89370 0.51378 0.37993 -0.37993
 0.51500 0.38502 -0.88988 0.88988 0.50486 0.38502 -0.38502
 0.52500 0.39002 -0.88600 0.88600 0.49598 0.39002 -0.39002
 0.53500 0.39494 -0.88208 0.88208 0.48714 0.39494 -0.39494
 0.54500 0.39977 -0.87810 0.87810 0.47834 0.39977 -0.39977
 0.55500 0.40450 -0.87408 0.87408 0.46958 0.40450 -0.40450
 0.56500 0.40916 -0.87001 0.87001 0.46086 0.40916 -0.40916
 0.57500 0.41372 -0.86590 0.86590 0.45218 0.41372 -0.41372
 0.58500 0.41820 -0.86174 0.86174 0.44354 0.41820 -0.41820
 0.59500 0.42259 -0.85753 0.85753 0.43494 0.42259 -0.42259
 0.60500 0.42690 -0.85329 0.85329 0.42639 0.42690 -0.42690
 0.61500 0.43112 -0.84900 0.84900 0.41788 0.43112 -0.43112
 0.62500 0.43526 -0.84467 0.84467 0.40941 0.43526 -0.43526
 0.63500 0.43931 -0.84029 0.84029 0.40098 0.43931 -0.43931
 0.64500 0.44328 -0.83588 0.83588 0.39260 0.44328 -0.44328
 0.65500 0.44716 -0.83143 0.83143 0.38427 0.44716 -0.44716
 0.66500 0.45096 -0.82694 0.82694 0.37597 0.45096 -0.45096
 0.67500 0.45468 -0.82241 0.82241 0.36773 0.45468 -0.45468
 0.68500 0.45832 -0.81784 0.81784 0.35953 0.45832 -0.45832
 0.69500 0.46187 -0.81324 0.81324 0.35137 0.46187 -0.46187
 0.70500 0.46534 -0.80861 0.80861 0.34326 0.46534 -0.46534
 0.71500 0.46874 -0.80394 0.80394 0.33520 0.46874 -0.46874
 0.72500 0.47205 -0.79923 0.79923 0.32718 0.47205 -0.47205
 0.73500 0.47528 -0.79449 0.79449 0.31921 0.47528 -0.47528
 0.74500 0.47843 -0.78973 0.78973 0.31129 0.47843 -0.47843
 0.75500 0.48151 -0.78493 0.78493 0.30342 0.48151 -0.48151
 0.76500 0.48450 -0.78010 0.78010 0.29559 0.48450 -0.48450
 0.77500 0.48742 -0.77524 0.77524 0.28782 0.48742 -0.48742
 0.78500 0.49026 -0.77035 0.77035 0.28009 0.49026 -0.49026
 0.79500 0.49302 -0.76543 0.76543 0.27241 0.49302 -0.49302
 0.80500 0.49571 -0.76049 0.76049 0.26478 0.49571 -0.49571
 0.81500 0.49832 -0.75552 0.75552 0.25720 0.49832 -0.49832
 0.82500 0.50085 -0.75052 0.75052 0.24967 0.50085 -0.50085
 0.83500 0.50331 -0.74550 0.74550 0.24219 0.50331 -0.50331
 0.84500 0.50570 -0.74046 0.74046 0.23476 0.50570 -0.50570
 0.85500 0.50801 -0.73539 0.73539 0.22738 0.50801 -0.50801
 0.86500 0.51024 -0.73030 0.73030 0.22005 0.51024 -0.51024
 0.87500 0.51241 -0.72518 0.72518 0.21278 0.51241 -0.51241
 0.88500 0.51450 -0.72005 0.72005 0.20555 0.51450 -0.51450
 0.89500 0.51652 -0.71489 0.71489 0.19837 0.51652 -0.51652
 0.90500 0.51847 -0.70972 0.70972 0.19125 0.51847 -0.51847
 0.91500 0.52034 -0.70452 0.70452 0.18418 0.52034 -0.52034
 0.92500 0.52215 -0.69931 0.69931 0.17716 0.52215 -0.52215
 0.93500 0.52389 -0.69408 0.69408 0.17019 0.52389 -0.52389
 0.94500 0.52555 -0.68883 0.68883 0.16328 0.52555 -0.52555
 0.95500 0.52715 -0.68357 0.68357 0.15642 0.52715 -0.52715
 0.96500 0.52868 -0.67829 0.67829 0.14961 0.52868 -0.52868
 0.97500 0.53014 -0.67300 0.67300 0.14285 0.53014 -0.53014
 0.98500 0.53154 -0.66769 0.66769 0.13615 0.53154 -0.53154
 0.99500 0.53287 -0.66237 0.66237 0.12950 0.53287 -0.53287
 1.00500 0.53413 -0.65703 0.65703 0.12290 0.53413 -0.53413
 1.01500 0.53533 -0.65168 0.65168 0.11636 0.53533 -0.53533
 1.02500 0.53646 -0.64632 0.64632 0.10987 0.53646 -0.53646
 1.03500 0.53752 -0.64095 0.64095 0.10343 0.53752 -0.53752
 1.04500 0.53853 -0.63557 0.63557 0.09705 0.53853 -0.53853
 1.05500 0.53946 -0.63018 0.63018 0.09072 0.53946 -0.53946
 1.06500 0.54034 -0.62479 0.62479 0.08444 0.54034 -0.54034
 1.07500 0.54115 -0.61938 0.61938 0.07822 0.54115 -0.54115
 1.08500 0.54191 -0.61396 0.61396 0.07206 0.54191 -0.54191
 1.09500 0.54260 -0.60854 0.60854 0.06594 0.54260 -0.54260
 1.10500 0.54322 -0.60311 0.60311 0.05989 0.54322 -0.54322
 1.11500 0.54379 -0.59768 0.59768 0.05388 0.54379 -0.54379
 1.12500 0.54430 -0.59224 0.59224 0.04793 0.54430 -0.54430
 1.13500 0.54475 -0.58679 0.58679 0.04204 0.54475 -0.54475
 1.14500 0.54514 -0.58134 0.58134 0.03620 0.54514 -0.54514
 1.15500 0.54548 -0.57589 0.57589 0.03041 0.54548 -0.54548
 1.16500 0.54575 -0.57043 0.57043 0.02468 0.54575 -0.54575
 1.17500 0.54597 -0.56497 0.56497 0.01900 0.54597 -0.54597
 1.18500 0.54613 -0.55951 0.55951 0.01338 0.54613 -0.54613
 1.19500 0.54624 -0.55405 0.55405 0.00781 0.54624 -0.54624
 1.20500 0.54629 -0.54859 0.54859 0.00230 0.54629 -0.54629
 1.21500 0.54628 -0.54312 0.54312 -0.00316 0.54628 -0.54628
 1.22500 0.54623 -0.53766 0.53766 -0.00856 0.54623 -0.54623
 1.23500 0.54611 -0.53220 0.53220 -0.01391 0.54611 -0.54611
 1.24500 0.54595 -0.52674 0.52674 -0.01921 0.54595 -0.54595
 1.25500 0.54573 -0.52128 0.52128 -0.02445 0.54573 -0.54573
 1.26500 0.54546 -0.51583 0.51583 -0.02963 0.54546 -0.54546
 1.27500 0.54514 -0.51037 0.51037 -0.03476 0.54514 -0.54514
 1.28500 0.54476 -0.50492 0.50492 -0.03984 0.54476 -0.54476
 1.29500 0.54434 -0.49948 0.49948 -0.04486 0.54434 -0.54434
 1.30500 0.54387 -0.49404 0.49404 -0.04983 0.54387 -0.54387
 1.31500 0.54334 -0.48860 0.48860 -0.05474 0.54334 -0.54334
 1.32500 0.54277 -0.48317 0.48317 -0.05960 0.54277 -0.54277
 1.33500 0.54215 -0.47774 0.47774 -0.06441 0.54215 -0.54215
 1.34500 0.54148 -0.47233 0.47233 -0.06916 0.54148 -0.54148
 1.35500 0.54077 -0.46692 0.46692 -0.07385 0.54077 -0.54077
 1.36500 0.54001 -0.46151 0.46151 -0.07850 0.54001 -0.54001
 1.37500 0.53920 -0.45612 0.45612 -0.08308 0.53920 -0.53920
 1.38500 0.53835 -0.45073 0.45073 -0.08762 0.53835 -0.53835
 1.39500 0.53745 -0.44535 0.44535 -0.09210 0.53745 -0.53745
 1.40500 0.53650 -0.43998 0.43998 -0.09652 0.53650 -0.53650
 1.41500 0.53552 -0.43462 0.43462 -0.10090 0.53552 -0.53552
 1.42500 0.53449 -0.42927 0.42927 -0.10522 0.53449 -0.53449
 1.43500 0.53341 -0.42393 0.42393 -0.10948 0.53341 -0.53341
 1.44500 0.53230 -0.41860 0.41860 -0.11370 0.53230 -0.53230
 1.45500 0.53114 -0.41328 0.41328 -0.11786 0.53114 -0.53114
 1.46500 0.52994 -0.40798 0.40798 -0.12196 0.52994 -0.52994
 1.47500 0.52870 -0.40268 0.40268 -0.12601 0.52870 -0.52870
 1.48500 0.52742 -0.39740 0.39740 -0.13002 0.52742 -0.52742
 1.49500 0.52610 -0.39214 0.39214 -0.13396 0.52610 -0.52610
 1.50500 0.52474 -0.38688 0.38688 -0.13786 0.52474 -0.52474
 1.51500 0.52334 -0.38164 0.38164 -0.14170 0.52334 -0.52334
 1.52500 0.52191 -0.37642 0.37642 -0.14549 0.52191 -0.52191
 1.53500 0.52043 -0.37120 0.37120 -0.14923 0.52043 -0.52043
 1.54500 0.51892 -0.36601 0.36601 -0.15291 0.51892 -0.51892
 1.55500 0.51737 -0.36083 0.36083 -0.15655 0.51737 -0.51737
 1.56500 0.51579 -0.35566 0.35566 -0.16013 0.51579 -0.51579
 1.57500 0.51417 -0.35051 0.35051 -0.16366 0.51417 -0.51417
 1.58500 0.51252 -0.34538 0.34538 -0.16714 0.51252 -0.51252
 1.59500 0.51083 -0.34026 0.34026 -0.17057 0.51083 -0.51083
 1.60500 0.50911 -0.33516 0.33516 -0.17395 0.50911 -0.50911
 1.61500 0.50735 -0.33008 0.33008 -0.17727 0.50735 -0.50735
 1.62500 0.50556 -0.32501 0.32501 -0.18055 0.50556 -0.50556
 1.63500 0.50374 -0.31997 0.31997 -0.18377 0.50374 -0.50374
 1.64500 0.50189 -0.31494 0.31494 -0.18695 0.50189 -0.50189
 1.65500 0.50000 -0.30993 0.30993 -0.19007 0.50000 -0.50000
 1.66500 0.49808 -0.30494 0.30494 -0.19315 0.49808 -0.49808
 1.67500 0.49614 -0.29997 0.29997 -0.19617 0.49614 -0.49614
 1.68500 0.49416 -0.29502 0.29502 -0.19915 0.49416 -0.49416
 1.69500 0.49216 -0.29008 0.29008 -0.20207 0.49216 -0.49216
 1.70500 0.49012 -0.28517 0.28517 -0.20495 0.49012 -0.49012
 1.71500 0.48806 -0.28028 0.28028 -0.20778 0.48806 -0.48806
 1.72500 0.48596 -0.27541 0.27541 -0.21055 0.48596 -0.48596
 1.73500 0.48385 -0.27056 0.27056 -0.21328 0.48385 -0.48385
 1.74500 0.48170 -0.26573 0.26573 -0.21596 0.48170 -0.48170
 1.75500 0.47953 -0.26093 0.26093 -0.21860 0.47953 -0.47953
 1.76500 0.47733 -0.25614 0.25614 -0.22118 0.47733 -0.47733
 1.77500 0.47510 -0.25138 0.25138 -0.22372 0.47510 -0.47510
 1.78500 0.47285 -0.24664 0.24664 -0.22621 0.47285 -0.47285
 1.79500 0.47058 -0.24192 0.24192 -0.22865 0.47058 -0.47058
 1.80500 0.46828 -0.23723 0.23723 -0.23105 0.46828 -0.46828
 1.81500 0.46596 -0.23256 0.23256 -0.23340 0.46596 -0.46596
 1.82500 0.46361 -0.22791 0.22791 -0.23570 0.46361 -0.46361
 1.83500 0.46124 -0.22329 0.22329 -0.23796 0.46124 -0.46124
 1.84500 0.45885 -0.21869 0.21869 -0.24017 0.45885 -0.45885
 1.85500 0.45644 -0.21411 0.21411 -0.24233 0.45644 -0.45644
 1.86500 0.45401 -0.20956 0.20956 -0.24445 0.45401 -0.45401
 1.87500 0.45155 -0.20503 0.20503 -0.24652 0.45155 -0.45155
 1.88500 0.44908 -0.20053 0.20053 -0.24855 0.44908 -0.44908
 1.89500 0.44658 -0.19605 0.19605 -0.25053 0.44658 -0.44658
 1.90500 0.44407 -0.19160 0.19160 -0.25247 0.44407 -0.44407
 1.91500 0.44153 -0.18717 0.18717 -0.25436 0.44153 -0.44153
 1.92500 0.43898 -0.18276 0.18276 -0.25621 0.43898 -0.43898
 1.93500 0.43641 -0.17839 0.17839 -0.25802 0.43641 -0.43641
 1.94500 0.43382 -0.17404 0.17404 -0.25978 0.43382 -0.43382
 1.95500 0.43121 -0.16971 0.16971 -0.26150 0.43121 -0.43121
 1.96500 0.42859 -0.16541 0.16541 -0.26318 0.42859 -0.42859
 1.97500 0.42595 -0.16114 0.16114 -0.26481 0.42595 -0.42595
 1.98500 0.42329 -0.15689 0.15689 -0.26640 0.42329 -0.42329
 1.99500 0.42062 -0.15267 0.15267 -0.26795 0.42062 -0.42062
 2.00500 0.41793 -0.14848 0.14848 -0.26945 0.41793 -0.41793
 2.01500 0.41523 -0.14432 0.14432 -0.27092 0.41523 -0.41523
 2.02500 0.41252 -0.14018 0.14018 -0.27234 0.41252 -0.41252
 2.03500 0.40979 -0.13607 0.13607 -0.27372 0.40979 -0.40979
 2.04500 0.40704 -0.13198 0.13198 -0.27506 0.40704 -0.40704
 2.05500 0.40428 -0.12792 0.12792 -0.27636 0.40428 -0.40428
 2.06500 0.40151 -0.12390 0.12390 -0.27762 0.40151 -0.40151
 2.07500 0.39873 -0.11989 0.11989 -0.27884 0.39873 -0.39873
 2.08500 0.39594 -0.11592 0.11592 -0.28002 0.39594 -0.39594
 2.09500 0.39313 -0.11198 0.11198 -0.28116 0.39313 -0.39313
 2.10500 0.39032 -0.10806 0.10806 -0.28226 0.39032 -0.39032
 2.11500 0.38749 -0.10417 0.10417 -0.28332 0.38749 -0.38749
 2.12500 0.38465 -0.10031 0.10031 -0.28434 0.38465 -0.38465
 2.13500 0.38180 -0.09648 0.09648 -0.28532 0.38180 -0.38180
 2.14500 0.37894 -0.09267 0.09267 -0.28627 0.37894 -0.37894
 2.15500 0.37608 -0.08890 0.08890 -0.28718 0.37608 -0.37608
 2.16500 0.37320 -0.08515 0.08515 -0.28805 0.37320 -0.37320
 2.17500 0.37031 -0.08143 0.08143 -0.28888 0.37031 -0.37031
 2.18500 0.36742 -0.07774 0.07774 -0.28968 0.36742 -0.36742
 2.19500 0.36452 -0.07409 0.07409 -0.29044 0.36452 -0.36452
 2.20500 0.36161 -0.07045 0.07045 -0.29116 0.36161 -0.36161
 2.21500 0.35870 -0.06685 0.06685 -0.29185 0.35870 -0.35870
 2.22500 0.35578 -0.06328 0.06328 -0.29250 0.35578 -0.35578
 2.23500 0.35285 -0.05974 0.05974 -0.29311 0.35285 -0.35285
 2.24500 0.34991 -0.05622 0.05622 -0.29369 0.34991 -0.34991
 2.25500 0.34697 -0.05274 0.05274 -0.29424 0.34697 -0.34697
 2.26500 0.34403 -0.04928 0.04928 -0.29475 0.34403 -0.34403
 2.27500 0.34108 -0.04586 0.04586 -0.29522 0.34108 -0.34108
 2.28500 0.33813 -0.04246 0.04246 -0.29566 0.33813 -0.33813
 2.29500 0.33517 -0.03910 0.03910 -0.29607 0.33517 -0.33517
 2.30500 0.33220 -0.03576 0.03576 -0.29644 0.33220 -0.33220
 2.31500 0.32924 -0.03245 0.03245 -0.29679 0.32924 -0.32924
 2.32500 0.32627 -0.02917 0.02917 -0.29709 0.32627 -0.32627
 2.33500 0.32330 -0.02593 0.02593 -0.29737 0.32330 -0.32330
 2.34500 0.32032 -0.02271 0.02271 -0.29761 0.32032 -0.32032
 2.35500 0.31734 -0.01952 0.01952 -0.29782 0.31734 -0.31734
 2.36500 0.31436 -0.01636 0.01636 -0.29800 0.31436 -0.31436
 2.37500 0.31138 -0.01323 0.01323 -0.29815 0.31138 -0.31138
 2.38500 0.30840 -0.01013 0.01013 -0.29827 0.30840 -0.30840
 2.39500 0.30542 -0.00706 0.00706 -0.29835 0.30542 -0.30542
 2.40500 0.30243 -0.00403 0.00403 -0.29841 0.30243 -0.30243
 2.41500 0.29945 -0.00102 0.00102 -0.29843 0.29945 -0.29945
 2.42500 0.29647 0.00196 -0.00196 -0.29843 0.29647 -0.29647
 2.43500 0.29348 0.00491 -0.00491 -0.29840 0.29348 -0.29348
 2.44500 0.29050 0.00783 -0.00783 -0.29833 0.29050 -0.29050
 2.45500 0.28752 0.01072 -0.01072 -0.29824 0.28752 -0.28752
 2.46500 0.28453 0.01358 -0.01358 -0.29812 0.28453 -0.28453
 2.47500 0.28155 0.01641 -0.01641 -0.29797 0.28155 -0.28155
 2.48500 0.27857 0.01921 -0.01921 -0.29779 0.27857 -0.27857
 2.49500 0.27560 0.02199 -0.02199 -0.29758 0.27560 -0.27560
 2.50500 0.27262 0.02473 -0.02473 -0.29735 0.27262 -0.27262
 2.51500 0.26965 0.02744 -0.02744 -0.29709 0.26965 -0.26965
 2.52500 0.26668 0.03012 -0.03012 -0.29680 0.26668 -0.26668
 2.53500 0.26371 0.03277 -0.03277 -0.29649 0.26371 -0.26371
 2.54500 0.26075 0.03539 -0.03539 -0.29615 0.26075 -0.26075
 2.55500 0.25779 0.03799 -0.03799 -0.29578 0.25779 -0.25779
 2.56500 0.25484 0.04055 -0.04055 -0.29539 0.25484 -0.25484
 2.57500 0.25188 0.04308 -0.04308 -0.29497 0.25188 -0.25188
 2.58500 0.24894 0.04559 -0.04559 -0.29452 0.24894 -0.24894
 2.59500 0.24599 0.04806 -0.04806 -0.29406 0.24599 -0.24599
 2.60500 0.24306 0.05051 -0.05051 -0.29356 0.24306 -0.24306
 2.61500 0.24012 0.05292 -0.05292 -0.29305 0.24012 -0.24012
 2.62500 0.23719 0.05531 -0.05531 -0.29250 0.23719 -0.23719
 2.63500 0.23427 0.05767 -0.05767 -0.29194 0.23427 -0.23427
 2.64500 0.23136 0.06000 -0.06000 -0.29135 0.23136 -0.23136
 2.65500 0.22845 0.06229 -0.06229 -0.29074 0.22845 -0.22845
 2.66500 0.22554 0.06456 -0.06456 -0.29011 0.22554 -0.22554
 2.67500 0.22264 0.06680 -0.06680 -0.28945 0.22264 -0.22264
 2.68500 0.21975 0.06902 -0.06902 -0.28877 0.21975 -0.21975
 2.69500 0.21687 0.07120 -0.07120 -0.28807 0.21687 -0.21687
 2.70500 0.21399 0.07335 -0.07335 -0.28735 0.21399 -0.21399
 2.71500 0.21112 0.07548 -0.07548 -0.28660 0.21112 -0.21112
 2.72500 0.20826 0.07758 -0.07758 -0.28584 0.20826 -0.20826
 2.73500 0.20540 0.07965 -0.07965 -0.28505 0.20540 -0.20540
 2.74500 0.20256 0.08168 -0.08168 -0.28424 0.20256 -0.20256
 2.75500 0.19972 0.08370 -0.08370 -0.28342 0.19972 -0.19972
 2.76500 0.19689 0.08568 -0.08568 -0.28257 0.19689 -0.19689
 2.77500 0.19407 0.08763 -0.08763 -0.28170 0.19407 -0.19407
 2.78500 0.19126 0.08956 -0.08956 -0.28082 0.19126 -0.19126
 2.79500 0.18845 0.09146 -0.09146 -0.27991 0.18845 -0.18845
 2.80500 0.18566 0.09333 -0.09333 -0.27899 0.18566 -0.18566
 2.81500 0.18287 0.09517 -0.09517 -0.27805 0.18287 -0.18287
 2.82500 0.18010 0.09699 -0.09699 -0.27708 0.18010 -0.18010
 2.83500 0.17733 0.09877 -0.09877 -0.27611 0.17733 -0.17733
 2.84500 0.17458 0.10053 -0.10053 -0.27511 0.17458 -0.17458
 2.85500 0.17183 0.10227 -0.10227 -0.27410 0.17183 -0.17183
 2.86500 0.16909 0.10397 -0.10397 -0.27306 0.16909 -0.16909
 2.87500 0.16637 0.10565 -0.10565 -0.27202 0.16637 -0.16637
 2.88500 0.16365 0.10730 -0.10730 -0.27095 0.16365 -0.16365
 2.89500 0.16095 0.10892 -0.10892 -0.26987 0.16095 -0.16095
 2.90500 0.15826 0.11052 -0.11052 -0.26877 0.15826 -0.15826
 2.91500 0.15557 0.11209 -0.11209 -0.26766 0.15557 -0.15557
 2.92500 0.15290 0.11363 -0.11363 -0.26653 0.15290 -0.15290
 2.93500 0.15024 0.11514 -0.11514 -0.26539 0.15024 -0.15024
 2.94500 0.14759 0.11663 -0.11663 -0.26423 0.14759 -0.14759
 2.95500 0.14496 0.11810 -0.11810 -0.26305 0.14496 -0.14496
 2.96500 0.14233 0.11953 -0.11953 -0.26187 0.14233 -0.14233
 2.97500 0.13972 0.12094 -0.12094 -0.26066 0.13972 -0.13972
 2.98500 0.13712 0.12233 -0.12233 -0.25945 0.13712 -0.13712
 2.99500 0.13453 0.12369 -0.12369 -0.25822 0.13453 -0.13453
 3.00500 0.13196 0.12502 -0.12502 -0.25697 0.13196 -0.13196
 3.01500 0.12939 0.12632 -0.12632 -0.25572 0.12939 -0.12939
 3.02500 0.12684 0.12761 -0.12761 -0.25445 0.12684 -0.12684
 3.03500 0.12430 0.12886 -0.12886 -0.25317 0.12430 -0.12430
 3.04500 0.12178 0.13009 -0.13009 -0.25187 0.12178 -0.12178
 3.05500 0.11927 0.13130 -0.13130 -0.25056 0.11927 -0.11927
 3.06500 0.11677 0.13248 -0.13248 -0.24924 0.11677 -0.11677
 3.07500 0.11428 0.13363 -0.13363 -0.24791 0.11428 -0.11428
 3.08500 0.11181 0.13476 -0.13476 -0.24657 0.11181 -0.11181
 3.09500 0.10935 0.13587 -0.13587 -0.24522 0.10935 -0.10935
 3.10500 0.10690 0.13695 -0.13695 -0.24385 0.10690 -0.10690
 3.11500 0.10447 0.13801 -0.13801 -0.24248 0.10447 -0.10447
 3.12500 0.10206 0.13904 -0.13904 -0.24109 0.10206 -0.10206
 3.13500 0.09965 0.14005 -0.14005 -0.23970 0.09965 -0.09965
 3.14500 0.09726 0.14103 -0.14103 -0.23829 0.09726 -0.09726
 3.15500 0.09489 0.14199 -0.14199 -0.23688 0.09489 -0.09489
 3.16500 0.09252 0.14293 -0.14293 -0.23545 0.09252 -0.09252
 3.17500 0.09018 0.14384 -0.14384 -0.23402 0.09018 -0.09018
 3.18500 0.08784 0.14473 -0.14473 -0.23258 0.08784 -0.08784
 3.19500 0.08552 0.14560 -0.14560 -0.23113 0.08552 -0.08552
 3.20500 0.08322 0.14644 -0.14644 -0.22967 0.08322 -0.08322
 3.21500 0.08093 0.14727 -0.14727 -0.22820 0.08093 -0.08093
 3.22500 0.07866 0.14806 -0.14806 -0.22672 0.07866 -0.07866
 3.23500 0.07640 0.14884 -0.14884 -0.22524 0.07640 -0.07640
 3.24500 0.07415 0.14959 -0.14959 -0.22374 0.07415 -0.07415
 3.25500 0.07192 0.15032 -0.15032 -0.22224 0.07192 -0.07192
 3.26500 0.06971 0.15103 -0.15103 -0.22074 0.06971 -0.06971
 3.27500 0.06751 0.15172 -0.15172 -0.21922 0.06751 -0.06751
 3.28500 0.06532 0.15238 -0.15238 -0.21770 0.06532 -0.06532
 3.29500 0.06315 0.15302 -0.15302 -0.21618 0.06315 -0.06315
 3.30500 0.06100 0.15364 -0.15364 -0.21464 0.06100 -0.06100
 3.31500 0.05886 0.15424 -0.15424 -0.21310 0.05886 -0.05886
 3.32500 0.05674 0.15482 -0.15482 -0.21156 0.05674 -0.05674
 3.33500 0.05463 0.15538 -0.15538 -0.21001 0.05463 -0.05463
 3.34500 0.05254 0.15591 -0.15591 -0.20845 0.05254 -0.05254
 3.35500 0.05046 0.15643 -0.15643 -0.20689 0.05046 -0.05046
 3.36500 0.04840 0.15692 -0.15692 -0.20532 0.04840 -0.04840
 3.37500 0.04635 0.15740 -0.15740 -0.20375 0.04635 -0.04635
 3.38500 0.04432 0.15785 -0.15785 -0.20217 0.04432 -0.04432
 3.39500 0.04231 0.15828 -0.15828 -0.20059 0.04231 -0.04231
 3.40500 0.04031 0.15870 -0.15870 -0.19901 0.04031 -0.04031
 3.41500 0.03833 0.15909 -0.15909 -0.19742 0.03833 -0.03833
 3.42500 0.03636 0.15946 -0.15946 -0.19583 0.03636 -0.03636
 3.43500 0.03441 0.15982 -0.15982 -0.19423 0.03441 -0.03441
 3.44500 0.03248 0.16015 -0.16015 -0.19263 0.03248 -0.03248
 3.45500 0.03056 0.16047 -0.16047 -0.19103 0.03056 -0.03056
 3.46500 0.02866 0.16076 -0.16076 -0.18942 0.02866 -0.02866
 3.47500 0.02677 0.16104 -0.16104 -0.18781 0.02677 -0.02677
 3.48500 0.02490 0.16130 -0.16130 -0.18620 0.02490 -0.02490
 3.49500 0.02305 0.16154 -0.16154 -0.18459 0.02305 -0.02305
 3.50500 0.02121 0.16176 -0.16176 -0.18297 0.02121 -0.02121
 3.51500 0.01939 0.16196 -0.16196 -0.18135 0.01939 -0.01939
 3.52500 0.01758 0.16215 -0.16215 -0.17973 0.01758 -0.01758
 3.53500 0.01580 0.16231 -0.16231 -0.17811 0.01580 -0.01580
 3.54500 0.01402 0.16246 -0.16246 -0.17648 0.01402 -0.01402
 3.55500 0.01227 0.16259 -0.16259 -0.17486 0.01227 -0.01227
 3.56500 0.01053 0.16271 -0.16271 -0.17323 0.01053 -0.01053
 3.57500 0.00880 0.16280 -0.16280 -0.17160 0.00880 -0.00880
 3.58500 0.00709 0.16288 -0.16288 -0.16998 0.00709 -0.00709
 3.59500 0.00540 0.16295 -0.16295 -0.16835 0.00540 -0.00540
 3.60500 0.00373 0.16299 -0.16299 -0.16672 0.00373 -0.00373
 3.61500 0.00207 0.16302 -0.16302 -0.16509 0.00207 -0.00207
 3.62500 0.00042 0.16303 -0.16303 -0.16346 0.00042 -0.00042
 3.63500 -0.00120 0.16303 -0.16303 -0.16183 -0.00120 0.00120
 3.64500 -0.00281 0.16301 -0.16301 -0.16020 -0.00281 0.00281
 3.65500 -0.00441 0.16297 -0.16297 -0.15857 -0.00441 0.00441
 3.66500 -0.00598 0.16292 -0.16292 -0.15694 -0.00598 0.00598
 3.67500 -0.00754 0.16285 -0.16285 -0.15531 -0.00754 0.00754
 3.68500 -0.00909 0.16277 -0.16277 -0.15368 -0.00909 0.00909
 3.69500 -0.01062 0.16267 -0.16267 -0.15205 -0.01062 0.01062
 3.70500 -0.01213 0.16256 -0.16256 -0.15043 -0.01213 0.01213
 3.71500 -0.01363 0.16243 -0.16243 -0.14880 -0.01363 0.01363
 3.72500 -0.01511 0.16229 -0.16229 -0.14718 -0.01511 0.01511
 3.73500 -0.01657 0.16213 -0.16213 -0.14556 -0.01657 0.01657
 3.74500 -0.01802 0.16195 -0.16195 -0.14394 -0.01802 0.01802
 3.75500 -0.01945 0.16177 -0.16177 -0.14232 -0.01945 0.01945
 3.76500 -0.02086 0.16156 -0.16156 -0.14070 -0.02086 0.02086
 3.77500 -0.02226 0.16135 -0.16135 -0.13909 -0.02226 0.02226
 3.78500 -0.02365 0.16112 -0.16112 -0.13747 -0.02365 0.02365
 3.79500 -0.02501 0.16088 -0.16088 -0.13586 -0.02501 0.02501
 3.80500 -0.02636 0.16062 -0.16062 -0.13426 -0.02636 0.02636
 3.81500 -0.02770 0.16035 -0.16035 -0.13265 -0.02770 0.02770
 3.82500 -0.02902 0.16007 -0.16007 -0.13105 -0.02902 0.02902
 3.83500 -0.03032 0.15977 -0.15977 -0.12945 -0.03032 0.03032
 3.84500 -0.03161 0.15946 -0.15946 -0.12785 -0.03161 0.03161
 3.85500 -0.03288 0.15914 -0.15914 -0.12626 -0.03288 0.03288
 3.86500 -0.03413 0.15880 -0.15880 -0.12467 -0.03413 0.03413
 3.87500 -0.03537 0.15845 -0.15845 -0.12308 -0.03537 0.03537
 3.88500 -0.03659 0.15809 -0.15809 -0.12150 -0.03659 0.03659
 3.89500 -0.03780 0.15772 -0.15772 -0.11992 -0.03780 0.03780
 3.90500 -0.03899 0.15734 -0.15734 -0.11835 -0.03899 0.03899
 3.91500 -0.04017 0.15694 -0.15694 -0.11678 -0.04017 0.04017
 3.92500 -0.04133 0.15654 -0.15654 -0.11521 -0.04133 0.04133
 3.93500 -0.04247 0.15612 -0.15612 -0.11365 -0.04247 0.04247
 3.94500 -0.04360 0.15569 -0.15569 -0.11209 -0.04360 0.04360
 3.95500 -0.04471 0.15524 -0.15524 -0.11053 -0.04471 0.04471
 3.96500 -0.04581 0.15479 -0.15479 -0.10898 -0.04581 0.04581
 3.97500 -0.04689 0.15433 -0.15433 -0.10744 -0.04689 0.04689
 3.98500 -0.04796 0.15385 -0.15385 -0.10590 -0.04796 0.04796
 3.99500 -0.04901 0.15337 -0.15337 -0.10436 -0.04901 0.04901
 4.00500 -0.05005 0.15287 -0.15287 -0.10283 -0.05005 0.05005
 4.01500 -0.05107 0.15237 -0.15237 -0.10130 -0.05107 0.05107
 4.02500 -0.05207 0.15185 -0.15185 -0.09978 -0.05207 0.05207
 4.03500 -0.05306 0.15133 -0.15133 -0.09826 -0.05306 0.05306
 4.04500 -0.05404 0.15079 -0.15079 -0.09675 -0.05404 0.05404
 4.05500 -0.05500 0.15025 -0.15025 -0.09525 -0.05500 0.05500
 4.06500 -0.05594 0.14969 -0.14969 -0.09375 -0.05594 0.05594
 4.07500 -0.05687 0.14913 -0.14913 -0.09226 -0.05687 0.05687
 4.08500 -0.05779 0.14855 -0.14855 -0.09077 -0.05779 0.05779
 4.09500 -0.05869 0.14797 -0.14797 -0.08928 -0.05869 0.05869
 4.10500 -0.05957 0.14738 -0.14738 -0.08781 -0.05957 0.05957
 4.11500 -0.06044 0.14678 -0.14678 -0.08634 -0.06044 0.06044
 4.12500 -0.06130 0.14617 -0.14617 -0.08487 -0.06130 0.06130
 4.13500 -0.06214 0.14555 -0.14555 -0.08341 -0.06214 0.06214
 4.14500 -0.06297 0.14493 -0.14493 -0.08196 -0.06297 0.06297
 4.15500 -0.06378 0.14429 -0.14429 -0.08051 -0.06378 0.06378
 4.16500 -0.06458 0.14365 -0.14365 -0.07907 -0.06458 0.06458
 4.17500 -0.06536 0.14300 -0.14300 -0.07764 -0.06536 0.06536
 4.18500 -0.06613 0.14235 -0.14235 -0.07621 -0.06613 0.06613
 4.19500 -0.06689 0.14168 -0.14168 -0.07479 -0.06689 0.06689
 4.20500 -0.06763 0.14101 -0.14101 -0.07338 -0.06763 0.06763
 4.21500 -0.06835 0.14033 -0.14033 -0.07197 -0.06835 0.06835
 4.22500 -0.06907 0.13964 -0.13964 -0.07057 -0.06907 0.06907
 4.23500 -0.06977 0.13895 -0.13895 -0.06918 -0.06977 0.06977
 4.24500 -0.07045 0.13825 -0.13825 -0.06780 -0.07045 0.07045
 4.25500 -0.07112 0.13754 -0.13754 -0.06642 -0.07112 0.07112
 4.26500 -0.07178 0.13682 -0.13682 -0.06504 -0.07178 0.07178
 4.27500 -0.07242 0.13610 -0.13610 -0.06368 -0.07242 0.07242
 4.28500 -0.07305 0.13538 -0.13538 -0.06232 -0.07305 0.07305
 4.29500 -0.07367 0.13464 -0.13464 -0.06097 -0.07367 0.07367
 4.30500 -0.07427 0.13390 -0.13390 -0.05963 -0.07427 0.07427
 4.31500 -0.07486 0.13316 -0.13316 -0.05829 -0.07486 0.07486
 4.32500 -0.07544 0.13240 -0.13240 -0.05697 -0.07544 0.07544
 4.33500 -0.07600 0.13165 -0.13165 -0.05565 -0.07600 0.07600
 4.34500 -0.07655 0.13088 -0.13088 -0.05433 -0.07655 0.07655
 4.35500 -0.07709 0.13012 -0.13012 -0.05303 -0.07709 0.07709
 4.36500 -0.07761 0.12934 -0.12934 -0.05173 -0.07761 0.07761
 4.37500 -0.07812 0.12856 -0.12856 -0.05044 -0.07812 0.07812
 4.38500 -0.07862 0.12778 -0.12778 -0.04916 -0.07862 0.07862
 4.39500 -0.07911 0.12699 -0.12699 -0.04789 -0.07911 0.07911
 4.40500 -0.07958 0.12620 -0.12620 -0.04662 -0.07958 0.07958
 4.41500 -0.08004 0.12540 -0.12540 -0.04536 -0.08004 0.08004
 4.42500 -0.08049 0.12460 -0.12460 -0.04411 -0.08049 0.08049
 4.43500 -0.08092 0.12379 -0.12379 -0.04287 -0.08092 0.08092
 4.44500 -0.08134 0.12298 -0.12298 -0.04164 -0.08134 0.08134
 4.45500 -0.08175 0.12216 -0.12216 -0.04041 -0.08175 0.08175
 4.46500 -0.08215 0.12134 -0.12134 -0.03919 -0.08215 0.08215
 4.47500 -0.08254 0.12052 -0.12052 -0.03798 -0.08254 0.08254
 4.48500 -0.08291 0.11969 -0.11969 -0.03678 -0.08291 0.08291
 4.49500 -0.08327 0.11886 -0.11886 -0.03559 -0.08327 0.08327
 4.50500 -0.08362 0.11803 -0.11803 -0.03441 -0.08362 0.08362
 4.51500 -0.08396 0.11719 -0.11719 -0.03323 -0.08396 0.08396
 4.52500 -0.08429 0.11635 -0.11635 -0.03206 -0.08429 0.08429
 4.53500 -0.08460 0.11550 -0.11550 -0.03090 -0.08460 0.08460
 4.54500 -0.08491 0.11466 -0.11466 -0.02975 -0.08491 0.08491
 4.55500 -0.08520 0.11381 -0.11381 -0.02861 -0.08520 0.08520
 4.56500 -0.08548 0.11295 -0.11295 -0.02748 -0.08548 0.08548
 4.57500 -0.08575 0.11210 -0.11210 -0.02635 -0.08575 0.08575
 4.58500 -0.08600 0.11124 -0.11124 -0.02523 -0.08600 0.08600
 4.59500 -0.08625 0.11038 -0.11038 -0.02413 -0.08625 0.08625
 4.60500 -0.08649 0.10951 -0.10951 -0.02303 -0.08649 0.08649
 4.61500 -0.08671 0.10865 -0.10865 -0.02194 -0.08671 0.08671
 4.62500 -0.08693 0.10778 -0.10778 -0.02085 -0.08693 0.08693
 4.63500 -0.08713 0.10691 -0.10691 -0.01978 -0.08713 0.08713
 4.64500 -0.08732 0.10604 -0.10604 -0.01872 -0.08732 0.08732
 4.65500 -0.08750 0.10516 -0.10516 -0.01766 -0.08750 0.08750
 4.66500 -0.08767 0.10429 -0.10429 -0.01661 -0.08767 0.08767
 4.67500 -0.08784 0.10341 -0.10341 -0.01557 -0.08784 0.08784
 4.68500 -0.08799 0.10253 -0.10253 -0.01454 -0.08799 0.08799
 4.69500 -0.08813 0.10165 -0.10165 -0.01352 -0.08813 0.08813
 4.70500 -0.08826 0.10077 -0.10077 -0.01251 -0.08826 0.08826
 4.71500 -0.08838 0.09988 -0.09988 -0.01151 -0.08838 0.08838
 4.72500 -0.08849 0.09900 -0.09900 -0.01051 -0.08849 0.08849
 4.73500 -0.08859 0.09811 -0.09811 -0.00953 -0.08859 0.08859
 4.74500 -0.08868 0.09723 -0.09723 -0.00855 -0.08868 0.08868
 4.75500 -0.08876 0.09634 -0.09634 -0.00758 -0.08876 0.08876
 4.76500 -0.08883 0.09545 -0.09545 -0.00662 -0.08883 0.08883
 4.77500 -0.08889 0.09456 -0.09456 -0.00567 -0.08889 0.08889
 4.78500 -0.08894 0.09368 -0.09368 -0.00473 -0.08894 0.08894
 4.79500 -0.08899 0.09279 -0.09279 -0.00380 -0.08899 0.08899
 4.80500 -0.08902 0.09190 -0.09190 -0.00288 -0.08902 0.08902
 4.81500 -0.08904 0.09101 -0.09101 -0.00196 -0.08904 0.08904
 4.82500 -0.08906 0.09011 -0.09011 -0.00106 -0.08906 0.08906
 4.83500 -0.08906 0.08922 -0.08922 -0.00016 -0.08906 0.08906
 4.84500 -0.08906 0.08833 -0.08833 0.00073 -0.08906 0.08906
 4.85500 -0.08905 0.08744 -0.08744 0.00161 -0.08905 0.08905
 4.86500 -0.08903 0.08655 -0.08655 0.00248 -0.08903 0.08903
 4.87500 -0.08900 0.08566 -0.08566 0.00334 -0.08900 0.08900
 4.88500 -0.08896 0.08477 -0.08477 0.00419 -0.08896 0.08896
 4.89500 -0.08892 0.08388 -0.08388 0.00503 -0.08892 0.08892
 4.90500 -0.08886 0.08299 -0.08299 0.00587 -0.08886 0.08886
 4.91500 -0.08880 0.08211 -0.08211 0.00669 -0.08880 0.08880
 4.92500 -0.08873 0.08122 -0.08122 0.00751 -0.08873 0.08873
 4.93500 -0.08865 0.08033 -0.08033 0.00832 -0.08865 0.08865
 4.94500 -0.08856 0.07945 -0.07945 0.00912 -0.08856 0.08856
 4.95500 -0.08847 0.07856 -0.07856 0.00991 -0.08847 0.08847
 4.96500 -0.08836 0.07768 -0.07768 0.01069 -0.08836 0.08836
 4.97500 -0.08825 0.07679 -0.07679 0.01146 -0.08825 0.08825
 4.98500 -0.08813 0.07591 -0.07591 0.01222 -0.08813 0.08813
 4.99500 -0.08801 0.07503 -0.07503 0.01298 -0.08801 0.08801
 5.00500 -0.08787 0.07415 -0.07415 0.01372 -0.08787 0.08787
 5.01500 -0.08773 0.07327 -0.07327 0.01446 -0.08773 0.08773
 5.02500 -0.08759 0.07240 -0.07240 0.01519 -0.08759 0.08759
 5.03500 -0.08743 0.07152 -0.07152 0.01591 -0.08743 0.08743
 5.04500 -0.08727 0.07065 -0.07065 0.01662 -0.08727 0.08727
 5.05500 -0.08710 0.06978 -0.06978 0.01732 -0.08710 0.08710
 5.06500 -0.08692 0.06891 -0.06891 0.01802 -0.08692 0.08692
 5.07500 -0.08674 0.06804 -0.06804 0.01870 -0.08674 0.08674
 5.08500 -0.08655 0.06717 -0.06717 0.01938 -0.08655 0.08655
 5.09500 -0.08635 0.06631 -0.06631 0.02004 -0.08635 0.08635
 5.10500 -0.08615 0.06544 -0.06544 0.02070 -0.08615 0.08615
 5.11500 -0.08594 0.06458 -0.06458 0.02135 -0.08594 0.08594
 5.12500 -0.08572 0.06373 -0.06373 0.02199 -0.08572 0.08572
 5.13500 -0.08550 0.06287 -0.06287 0.02263 -0.08550 0.08550
 5.14500 -0.08527 0.06202 -0.06202 0.02325 -0.08527 0.08527
 5.15500 -0.08503 0.06116 -0.06116 0.02387 -0.08503 0.08503
 5.16500 -0.08479 0.06031 -0.06031 0.02447 -0.08479 0.08479
 5.17500 -0.08454 0.05947 -0.05947 0.02507 -0.08454 0.08454
 5.18500 -0.08429 0.05862 -0.05862 0.02566 -0.08429 0.08429
 5.19500 -0.08403 0.05778 -0.05778 0.02625 -0.08403 0.08403
 5.20500 -0.08376 0.05694 -0.05694 0.02682 -0.08376 0.08376
 5.21500 -0.08349 0.05611 -0.05611 0.02738 -0.08349 0.08349
 5.22500 -0.08322 0.05527 -0.05527 0.02794 -0.08322 0.08322
 5.23500 -0.08293 0.05444 -0.05444 0.02849 -0.08293 0.08293
 5.24500 -0.08265 0.05362 -0.05362 0.02903 -0.08265 0.08265
 5.25500 -0.08235 0.05279 -0.05279 0.02956 -0.08235 0.08235
 5.26500 -0.08205 0.05197 -0.05197 0.03009 -0.08205 0.08205
 5.27500 -0.08175 0.05115 -0.05115 0.03060 -0.08175 0.08175
 5.28500 -0.08144 0.05033 -0.05033 0.03111 -0.08144 0.08144
 5.29500 -0.08113 0.04952 -0.04952 0.03161 -0.08113 0.08113
 5.30500 -0.08081 0.04871 -0.04871 0.03210 -0.08081 0.08081
 5.31500 -0.08049 0.04790 -0.04790 0.03258 -0.08049 0.08049
 5.32500 -0.08016 0.04710 -0.04710 0.03306 -0.08016 0.08016
 5.33500 -0.07983 0.04630 -0.04630 0.03352 -0.07983 0.07983
 5.34500 -0.07949 0.04550 -0.04550 0.03398 -0.07949 0.07949
 5.35500 -0.07915 0.04471 -0.04471 0.03443 -0.07915 0.07915
 5.36500 -0.07880 0.04392 -0.04392 0.03488 -0.07880 0.07880
 5.37500 -0.07845 0.04314 -0.04314 0.03531 -0.07845 0.07845
 5.38500 -0.07809 0.04235 -0.04235 0.03574 -0.07809 0.07809
 5.39500 -0.07773 0.04157 -0.04157 0.03616 -0.07773 0.07773
 5.40500 -0.07737 0.04080 -0.04080 0.03657 -0.07737 0.07737
 5.41500 -0.07700 0.04003 -0.04003 0.03698 -0.07700 0.07700
 5.42500 -0.07663 0.03926 -0.03926 0.03737 -0.07663 0.07663
 5.43500 -0.07625 0.03849 -0.03849 0.03776 -0.07625 0.07625
 5.44500 -0.07588 0.03773 -0.03773 0.03814 -0.07588 0.07588
 5.45500 -0.07549 0.03698 -0.03698 0.03852 -0.07549 0.07549
 5.46500 -0.07511 0.03622 -0.03622 0.03888 -0.07511 0.07511
 5.47500 -0.07471 0.03547 -0.03547 0.03924 -0.07471 0.07471
 5.48500 -0.07432 0.03473 -0.03473 0.03959 -0.07432 0.07432
 5.49500 -0.07392 0.03399 -0.03399 0.03994 -0.07392 0.07392
 5.50500 -0.07352 0.03325 -0.03325 0.04027 -0.07352 0.07352
 5.51500 -0.07312 0.03252 -0.03252 0.04060 -0.07312 0.07312
 5.52500 -0.07271 0.03179 -0.03179 0.04092 -0.07271 0.07271
 5.53500 -0.07230 0.03106 -0.03106 0.04124 -0.07230 0.07230
 5.54500 -0.07188 0.03034 -0.03034 0.04154 -0.07188 0.07188
 5.55500 -0.07147 0.02963 -0.02963 0.04184 -0.07147 0.07147
 5.56500 -0.07105 0.02891 -0.02891 0.04214 -0.07105 0.07105
 5.57500 -0.07063 0.02820 -0.02820 0.04242 -0.07063 0.07063
 5.58500 -0.07020 0.02750 -0.02750 0.04270 -0.07020 0.07020
 5.59500 -0.06977 0.02680 -0.02680 0.04297 -0.06977 0.06977
 5.60500 -0.06934 0.02610 -0.02610 0.04324 -0.06934 0.06934
 5.61500 -0.06891 0.02541 -0.02541 0.04349 -0.06891 0.06891
 5.62500 -0.06847 0.02473 -0.02473 0.04374 -0.06847 0.06847
 5.63500 -0.06803 0.02404 -0.02404 0.04399 -0.06803 0.06803
 5.64500 -0.06759 0.02337 -0.02337 0.04422 -0.06759 0.06759
 5.65500 -0.06715 0.02269 -0.02269 0.04446 -0.06715 0.06715
 5.66500 -0.06670 0.02202 -0.02202 0.04468 -0.06670 0.06670
 5.67500 -0.06625 0.02136 -0.02136 0.04490 -0.06625 0.06625
 5.68500 -0.06580 0.02070 -0.02070 0.04511 -0.06580 0.06580
 5.69500 -0.06535 0.02004 -0.02004 0.04531 -0.06535 0.06535
 5.70500 -0.06490 0.01939 -0.01939 0.04551 -0.06490 0.06490
 5.71500 -0.06444 0.01874 -0.01874 0.04570 -0.06444 0.06444
 5.72500 -0.06398 0.01810 -0.01810 0.04588 -0.06398 0.06398
 5.73500 -0.06352 0.01746 -0.01746 0.04606 -0.06352 0.06352
 5.74500 -0.06306 0.01683 -0.01683 0.04623 -0.06306 0.06306
 5.75500 -0.06260 0.01620 -0.01620 0.04640 -0.06260 0.06260
 5.76500 -0.06213 0.01558 -0.01558 0.04656 -0.06213 0.06213
 5.77500 -0.06167 0.01496 -0.01496 0.04671 -0.06167 0.06167
 5.78500 -0.06120 0.01435 -0.01435 0.04685 -0.06120 0.06120
 5.79500 -0.06073 0.01374 -0.01374 0.04699 -0.06073 0.06073
 5.80500 -0.06026 0.01313 -0.01313 0.04713 -0.06026 0.06026
 5.81500 -0.05979 0.01253 -0.01253 0.04726 -0.05979 0.05979
 5.82500 -0.05932 0.01194 -0.01194 0.04738 -0.05932 0.05932
 5.83500 -0.05884 0.01134 -0.01134 0.04750 -0.05884 0.05884
 5.84500 -0.05837 0.01076 -0.01076 0.04761 -0.05837 0.05837
 5.85500 -0.05789 0.01018 -0.01018 0.04771 -0.05789 0.05789
 5.86500 -0.05741 0.00960 -0.00960 0.04781 -0.05741 0.05741
 5.87500 -0.05693 0.00903 -0.00903 0.04790 -0.05693 0.05693
 5.88500 -0.05645 0.00846 -0.00846 0.04799 -0.05645 0.05645
 5.89500 -0.05597 0.00790 -0.00790 0.04807 -0.05597 0.05597
 5.90500 -0.05549 0.00734 -0.00734 0.04815 -0.05549 0.05549
 5.91500 -0.05501 0.00679 -0.00679 0.04822 -0.05501 0.05501
 5.92500 -0.05453 0.00624 -0.00624 0.04828 -0.05453 0.05453
 5.93500 -0.05404 0.00570 -0.00570 0.04834 -0.05404 0.05404
 5.94500 -0.05356 0.00516 -0.00516 0.04840 -0.05356 0.05356
 5.95500 -0.05308 0.00463 -0.00463 0.04845 -0.05308 0.05308
 5.96500 -0.05259 0.00410 -0.00410 0.04849 -0.05259 0.05259
 5.97500 -0.05211 0.00358 -0.00358 0.04853 -0.05211 0.05211
 5.98500 -0.05162 0.00306 -0.00306 0.04856 -0.05162 0.05162
 5.99500 -0.05114 0.00254 -0.00254 0.04859 -0.05114 0.05114
 6.00500 -0.05065 0.00204 -0.00204 0.04861 -0.05065 0.05065
 6.01500 -0.05016 0.00153 -0.00153 0.04863 -0.05016 0.05016
 6.02500 -0.04968 0.00103 -0.00103 0.04864 -0.04968 0.04968
 6.03500 -0.04919 0.00054 -0.00054 0.04865 -0.04919 0.04919
 6.04500 -0.04870 0.00005 -0.00005 0.04866 -0.04870 0.04870
 6.05500 -0.04822 -0.00044 0.00044 0.04865 -0.04822 0.04822
 6.06500 -0.04773 -0.00092 0.00092 0.04865 -0.04773 0.04773
 6.07500 -0.04724 -0.00139 0.00139 0.04863 -0.04724 0.04724
 6.08500 -0.04676 -0.00186 0.00186 0.04862 -0.04676 0.04676
 6.09500 -0.04627 -0.00233 0.00233 0.04860 -0.04627 0.04627
 6.10500 -0.04579 -0.00279 0.00279 0.04857 -0.04579 0.04579
 6.11500 -0.04530 -0.00324 0.00324 0.04854 -0.04530 0.04530
 6.12500 -0.04482 -0.00369 0.00369 0.04851 -0.04482 0.04482
 6.13500 -0.04433 -0.00414 0.00414 0.04847 -0.04433 0.04433
 6.14500 -0.04385 -0.00458 0.00458 0.04842 -0.04385 0.04385
 6.15500 -0.04336 -0.00501 0.00501 0.04838 -0.04336 0.04336
 6.16500 -0.04288 -0.00545 0.00545 0.04832 -0.04288 0.04288
 6.17500 -0.04240 -0.00587 0.00587 0.04827 -0.04240 0.04240
 6.18500 -0.04191 -0.00629 0.00629 0.04821 -0.04191 0.04191
 6.19500 -0.04143 -0.00671 0.00671 0.04814 -0.04143 0.04143
 6.20500 -0.04095 -0.00712 0.00712 0.04807 -0.04095 0.04095
 6.21500 -0.04047 -0.00753 0.00753 0.04800 -0.04047 0.04047
 6.22500 -0.03999 -0.00793 0.00793 0.04792 -0.03999 0.03999
 6.23500 -0.03951 -0.00833 0.00833 0.04784 -0.03951 0.03951
 6.24500 -0.03903 -0.00872 0.00872 0.04776 -0.03903 0.03903
 6.25500 -0.03856 -0.00911 0.00911 0.04767 -0.03856 0.03856
 6.26500 -0.03808 -0.00949 0.00949 0.04757 -0.03808 0.03808
 6.27500 -0.03760 -0.00987 0.00987 0.04748 -0.03760 0.03760
 6.28500 -0.03713 -0.01025 0.01025 0.04738 -0.03713 0.03713
 6.29500 -0.03666 -0.01061 0.01061 0.04727 -0.03666 0.03666
 6.30500 -0.03619 -0.01098 0.01098 0.04716 -0.03619 0.03619
 6.31500 -0.03571 -0.01134 0.01134 0.04705 -0.03571 0.03571
 6.32500 -0.03524 -0.01169 0.01169 0.04694 -0.03524 0.03524
 6.33500 -0.03478 -0.01204 0.01204 0.04682 -0.03478 0.03478
 6.34500 -0.03431 -0.01239 0.01239 0.04670 -0.03431 0.03431
 6.35500 -0.03384 -0.01273 0.01273 0.04657 -0.03384 0.03384
 6.36500 -0.03338 -0.01307 0.01307 0.04644 -0.03338 0.03338
 6.37500 -0.03291 -0.01340 0.01340 0.04631 -0.03291 0.03291
 6.38500 -0.03245 -0.01372 0.01372 0.04617 -0.03245 0.03245
 6.39500 -0.03199 -0.01405 0.01405 0.04603 -0.03199 0.03199
 6.40500 -0.03153 -0.01436 0.01436 0.04589 -0.03153 0.03153
 6.41500 -0.03107 -0.01468 0.01468 0.04575 -0.03107 0.03107
 6.42500 -0.03061 -0.01498 0.01498 0.04560 -0.03061 0.03061
 6.43500 -0.03016 -0.01529 0.01529 0.04545 -0.03016 0.03016
 6.44500 -0.02971 -0.01559 0.01559 0.04529 -0.02971 0.02971
 6.45500 -0.02925 -0.01588 0.01588 0.04514 -0.02925 0.02925
 6.46500 -0.02880 -0.01617 0.01617 0.04498 -0.02880 0.02880
 6.47500 -0.02835 -0.01646 0.01646 0.04481 -0.02835 0.02835
 6.48500 -0.02791 -0.01674 0.01674 0.04465 -0.02791 0.02791
 6.49500 -0.02746 -0.01702 0.01702 0.04448 -0.02746 0.02746
 6.50500 -0.02702 -0.01729 0.01729 0.04431 -0.02702 0.02702
 6.51500 -0.02657 -0.01756 0.01756 0.04413 -0.02657 0.02657
 6.52500 -0.02613 -0.01782 0.01782 0.04396 -0.02613 0.02613
 6.53500 -0.02570 -0.01808 0.01808 0.04378 -0.02570 0.02570
 6.54500 -0.02526 -0.01833 0.01833 0.04359 -0.02526 0.02526
 6.55500 -0.02482 -0.01858 0.01858 0.04341 -0.02482 0.02482
 6.56500 -0.02439 -0.01883 0.01883 0.04322 -0.02439 0.02439
 6.57500 -0.02396 -0.01907 0.01907 0.04303 -0.02396 0.02396
 6.58500 -0.02353 -0.01931 0.01931 0.04284 -0.02353 0.02353
 6.59500 -0.02310 -0.01954 0.01954 0.04265 -0.02310 0.02310
 6.60500 -0.02268 -0.01977 0.01977 0.04245 -0.02268 0.02268
 6.61500 -0.02225 -0.02000 0.02000 0.04225 -0.02225 0.02225
 6.62500 -0.02183 -0.02022 0.02022 0.04205 -0.02183 0.02183
 6.63500 -0.02141 -0.02043 0.02043 0.04185 -0.02141 0.02141
 6.64500 -0.02100 -0.02065 0.02065 0.04164 -0.02100 0.02100
 6.65500 -0.02058 -0.02085 0.02085 0.04143 -0.02058 0.02058
 6.66500 -0.02017 -0.02106 0.02106 0.04122 -0.02017 0.02017
 6.67500 -0.01976 -0.02126 0.02126 0.04101 -0.01976 0.01976
 6.68500 -0.01935 -0.02145 0.02145 0.04080 -0.01935 0.01935
 6.69500 -0.01894 -0.02164 0.02164 0.04058 -0.01894 0.01894
 6.70500 -0.01853 -0.02183 0.02183 0.04037 -0.01853 0.01853
 6.71500 -0.01813 -0.02201 0.02201 0.04015 -0.01813 0.01813
 6.72500 -0.01773 -0.02219 0.02219 0.03993 -0.01773 0.01773
 6.73500 -0.01733 -0.02237 0.02237 0.03970 -0.01733 0.01733
 6.74500 -0.01694 -0.02254 0.02254 0.03948 -0.01694 0.01694
 6.75500 -0.01654 -0.02271 0.02271 0.03925 -0.01654 0.01654
 6.76500 -0.01615 -0.02287 0.02287 0.03902 -0.01615 0.01615
 6.77500 -0.01576 -0.02303 0.02303 0.03879 -0.01576 0.01576
 6.78500 -0.01538 -0.02319 0.02319 0.03856 -0.01538 0.01538
 6.79500 -0.01499 -0.02334 0.02334 0.03833 -0.01499 0.01499
 6.80500 -0.01461 -0.02349 0.02349 0.03810 -0.01461 0.01461
 6.81500 -0.01423 -0.02363 0.02363 0.03786 -0.01423 0.01423
 6.82500 -0.01385 -0.02377 0.02377 0.03762 -0.01385 0.01385
 6.83500 -0.01348 -0.02391 0.02391 0.03739 -0.01348 0.01348
 6.84500 -0.01311 -0.02404 0.02404 0.03715 -0.01311 0.01311
 6.85500 -0.01274 -0.02417 0.02417 0.03690 -0.01274 0.01274
 6.86500 -0.01237 -0.02430 0.02430 0.03666 -0.01237 0.01237
 6.87500 -0.01200 -0.02442 0.02442 0.03642 -0.01200 0.01200
 6.88500 -0.01164 -0.02454 0.02454 0.03617 -0.01164 0.01164
 6.89500 -0.01128 -0.02465 0.02465 0.03593 -0.01128 0.01128
 6.90500 -0.01092 -0.02476 0.02476 0.03568 -0.01092 0.01092
 6.91500 -0.01056 -0.02487 0.02487 0.03543 -0.01056 0.01056
 6.92500 -0.01021 -0.02497 0.02497 0.03518 -0.01021 0.01021
 6.93500 -0.00986 -0.02507 0.02507 0.03493 -0.00986 0.00986
 6.94500 -0.00951 -0.02517 0.02517 0.03468 -0.00951 0.00951
 6.95500 -0.00917 -0.02526 0.02526 0.03443 -0.00917 0.00917
 6.96500 -0.00882 -0.02535 0.02535 0.03418 -0.00882 0.00882
 6.97500 -0.00848 -0.02544 0.02544 0.03392 -0.00848 0.00848
 6.98500 -0.00815 -0.02552 0.02552 0.03367 -0.00815 0.00815
 6.99500 -0.00781 -0.02560 0.02560 0.03341 -0.00781 0.00781
 7.00500 -0.00748 -0.02568 0.02568 0.03316 -0.00748 0.00748
 7.01500 -0.00715 -0.02575 0.02575 0.03290 -0.00715 0.00715
 7.02500 -0.00682 -0.02582 0.02582 0.03264 -0.00682 0.00682
 7.03500 -0.00649 -0.02589 0.02589 0.03238 -0.00649 0.00649
 7.04500 -0.00617 -0.02595 0.02595 0.03212 -0.00617 0.00617
 7.05500 -0.00585 -0.02601 0.02601 0.03186 -0.00585 0.00585
 7.06500 -0.00553 -0.02607 0.02607 0.03160 -0.00553 0.00553
 7.07500 -0.00522 -0.02612 0.02612 0.03134 -0.00522 0.00522
 7.08500 -0.00491 -0.02617 0.02617 0.03108 -0.00491 0.00491
 7.09500 -0.00460 -0.02622 0.02622 0.03082 -0.00460 0.00460
 7.10500 -0.00429 -0.02627 0.02627 0.03056 -0.00429 0.00429
 7.11500 -0.00399 -0.02631 0.02631 0.03029 -0.00399 0.00399
 7.12500 -0.00369 -0.02634 0.02634 0.03003 -0.00369 0.00369
 7.13500 -0.00339 -0.02638 0.02638 0.02977 -0.00339 0.00339
 7.14500 -0.00309 -0.02641 0.02641 0.02950 -0.00309 0.00309
 7.15500 -0.00280 -0.02644 0.02644 0.02924 -0.00280 0.00280
 7.16500 -0.00251 -0.02647 0.02647 0.02897 -0.00251 0.00251
 7.17500 -0.00222 -0.02649 0.02649 0.02871 -0.00222 0.00222
 7.18500 -0.00193 -0.02651 0.02651 0.02844 -0.00193 0.00193
 7.19500 -0.00165 -0.02653 0.02653 0.02818 -0.00165 0.00165
 7.20500 -0.00137 -0.02655 0.02655 0.02791 -0.00137 0.00137
 7.21500 -0.00109 -0.02656 0.02656 0.02765 -0.00109 0.00109
 7.22500 -0.00081 -0.02657 0.02657 0.02738 -0.00081 0.00081
 7.23500 -0.00054 -0.02657 0.02657 0.02712 -0.00054 0.00054
 7.24500 -0.00027 -0.02658 0.02658 0.02685 -0.00027 0.00027
 7.25500 -0.00001 -0.02658 0.02658 0.02659 -0.00001 0.00001
 7.26500 0.00026 -0.02658 0.02658 0.02632 0.00026 -0.00026
 7.27500 0.00052 -0.02657 0.02657 0.02605 0.00052 -0.00052
 7.28500 0.00078 -0.02657 0.02657 0.02579 0.00078 -0.00078
 7.29500 0.00104 -0.02656 0.02656 0.02552 0.00104 -0.00104
 7.30500 0.00129 -0.02655 0.02655 0.02526 0.00129 -0.00129
 7.31500 0.00154 -0.02653 0.02653 0.02499 0.00154 -0.00154
 7.32500 0.00179 -0.02652 0.02652 0.02473 0.00179 -0.00179
 7.33500 0.00204 -0.02650 0.02650 0.02446 0.00204 -0.00204
 7.34500 0.00228 -0.02648 0.02648 0.02420 0.00228 -0.00228
 7.35500 0.00252 -0.02645 0.02645 0.02393 0.00252 -0.00252
 7.36500 0.00276 -0.02643 0.02643 0.02367 0.00276 -0.00276
 7.37500 0.00299 -0.02640 0.02640 0.02340 0.00299 -0.00299
 7.38500 0.00323 -0.02637 0.02637 0.02314 0.00323 -0.00323
 7.39500 0.00346 -0.02633 0.02633 0.02288 0.00346 -0.00346
 7.40500 0.00368 -0.02630 0.02630 0.02261 0.00368 -0.00368
 7.41500 0.00391 -0.02626 0.02626 0.02235 0.00391 -0.00391
 7.42500 0.00413 -0.02622 0.02622 0.02209 0.00413 -0.00413
 7.43500 0.00435 -0.02618 0.02618 0.02183 0.00435 -0.00435
 7.44500 0.00457 -0.02613 0.02613 0.02156 0.00457 -0.00457
 7.45500 0.00478 -0.02608 0.02608 0.02130 0.00478 -0.00478
 7.46500 0.00499 -0.02604 0.02604 0.02104 0.00499 -0.00499
 7.47500 0.00520 -0.02598 0.02598 0.02078 0.00520 -0.00520
 7.48500 0.00541 -0.02593 0.02593 0.02052 0.00541 -0.00541
 7.49500 0.00561 -0.02588 0.02588 0.02026 0.00561 -0.00561
 7.50500 0.00581 -0.02582 0.02582 0.02000 0.00581 -0.00581
 7.51500 0.00601 -0.02576 0.02576 0.01975 0.00601 -0.00601
 7.52500 0.00621 -0.02570 0.02570 0.01949 0.00621 -0.00621
 7.53500 0.00640 -0.02564 0.02564 0.01923 0.00640 -0.00640
 7.54500 0.00659 -0.02557 0.02557 0.01898 0.00659 -0.00659
 7.55500 0.00678 -0.02550 0.02550 0.01872 0.00678 -0.00678
 7.56500 0.00697 -0.02544 0.02544 0.01847 0.00697 -0.00697
 7.57500 0.00715 -0.02536 0.02536 0.01821 0.00715 -0.00715
 7.58500 0.00733 -0.02529 0.02529 0.01796 0.00733 -0.00733
 7.59500 0.00751 -0.02522 0.02522 0.01771 0.00751 -0.00751
 7.60500 0.00769 -0.02514 0.02514 0.01746 0.00769 -0.00769
 7.61500 0.00786 -0.02506 0.02506 0.01720 0.00786 -0.00786
 7.62500 0.00803 -0.02499 0.02499 0.01695 0.00803 -0.00803
 7.63500 0.00820 -0.02490 0.02490 0.01670 0.00820 -0.00820
 7.64500 0.00837 -0.02482 0.02482 0.01646 0.00837 -0.00837
 7.65500 0.00853 -0.02474 0.02474 0.01621 0.00853 -0.00853
 7.66500 0.00869 -0.02465 0.02465 0.01596 0.00869 -0.00869
 7.67500 0.00885 -0.02456 0.02456 0.01572 0.00885 -0.00885
 7.68500 0.00900 -0.02447 0.02447 0.01547 0.00900 -0.00900
 7.69500 0.00916 -0.02438 0.02438 0.01523 0.00916 -0.00916
 7.70500 0.00931 -0.02429 0.02429 0.01498 0.00931 -0.00931
 7.71500 0.00946 -0.02420 0.02420 0.01474 0.00946 -0.00946
 7.72500 0.00960 -0.02410 0.02410 0.01450 0.00960 -0.00960
 7.73500 0.00975 -0.02400 0.02400 0.01426 0.00975 -0.00975
 7.74500 0.00989 -0.02391 0.02391 0.01402 0.00989 -0.00989
 7.75500 0.01003 -0.02381 0.02381 0.01378 0.01003 -0.01003
 7.76500 0.01016 -0.02371 0.02371 0.01354 0.01016 -0.01016
 7.77500 0.01030 -0.02360 0.02360 0.01331 0.01030 -0.01030
 7.78500 0.01043 -0.02350 0.02350 0.01307 0.01043 -0.01043
 7.79500 0.01056 -0.02339 0.02339 0.01284 0.01056 -0.01056
 7.80500 0.01069 -0.02329 0.02329 0.01260 0.01069 -0.01069
 7.81500 0.01081 -0.02318 0.02318 0.01237 0.01081 -0.01081
 7.82500 0.01093 -0.02307 0.02307 0.01214 0.01093 -0.01093
 7.83500 0.01105 -0.02296 0.02296 0.01191 0.01105 -0.01105
 7.84500 0.01117 -0.02285 0.02285 0.01168 0.01117 -0.01117
 7.85500 0.01129 -0.02274 0.02274 0.01145 0.01129 -0.01129
 7.86500 0.01140 -0.02263 0.02263 0.01122 0.01140 -0.01140
 7.87500 0.01151 -0.02251 0.02251 0.01100 0.01151 -0.01151
 7.88500 0.01162 -0.02240 0.02240 0.01077 0.01162 -0.01162
 7.89500 0.01173 -0.02228 0.02228 0.01055 0.01173 -0.01173
 7.90500 0.01183 -0.02216 0.02216 0.01033 0.01183 -0.01183
 7.91500 0.01193 -0.02204 0.02204 0.01011 0.01193 -0.01193
 7.92500 0.01203 -0.02192 0.02192 0.00989 0.01203 -0.01203
 7.93500 0.01213 -0.02180 0.02180 0.00967 0.01213 -0.01213
 7.94500 0.01223 -0.02168 0.02168 0.00945 0.01223 -0.01223
 7.95500 0.01232 -0.02156 0.02156 0.00924 0.01232 -0.01232
 7.96500 0.01241 -0.02143 0.02143 0.00902 0.01241 -0.01241
 7.97500 0.01250 -0.02131 0.02131 0.00881 0.01250 -0.01250
 7.98500 0.01259 -0.02118 0.02118 0.00859 0.01259 -0.01259
 7.99500 0.01267 -0.02106 0.02106 0.00838 0.01267 -0.01267
 8.00500 0.01276 -0.02093 0.02093 0.00817 0.01276 -0.01276
 8.01500 0.01284 -0.02080 0.02080 0.00796 0.01284 -0.01284
 8.02500 0.01292 -0.02067 0.02067 0.00776 0.01292 -0.01292
 8.03500 0.01299 -0.02054 0.02054 0.00755 0.01299 -0.01299
 8.04500 0.01307 -0.02041 0.02041 0.00735 0.01307 -0.01307
 8.05500 0.01314 -0.02028 0.02028 0.00714 0.01314 -0.01314
 8.06500 0.01321 -0.02015 0.02015 0.00694 0.01321 -0.01321
 8.07500 0.01328 -0.02002 0.02002 0.00674 0.01328 -0.01328
 8.08500 0.01334 -0.01988 0.01988 0.00654 0.01334 -0.01334
 8.09500 0.01341 -0.01975 0.01975 0.00634 0.01341 -0.01341
 8.10500 0.01347 -0.01962 0.01962 0.00615 0.01347 -0.01347
 8.11500 0.01353 -0.01948 0.01948 0.00595 0.01353 -0.01353
 8.12500 0.01359 -0.01935 0.01935 0.00576 0.01359 -0.01359
 8.13500 0.01365 -0.01921 0.01921 0.00556 0.01365 -0.01365
 8.14500 0.01370 -0.01907 0.01907 0.00537 0.01370 -0.01370
 8.15500 0.01375 -0.01894 0.01894 0.00518 0.01375 -0.01375
 8.16500 0.01380 -0.01880 0.01880 0.00499 0.01380 -0.01380
 8.17500 0.01385 -0.01866 0.01866 0.00481 0.01385 -0.01385
 8.18500 0.01390 -0.01852 0.01852 0.00462 0.01390 -0.01390
 8.19500 0.01395 -0.01838 0.01838 0.00444 0.01395 -0.01395
 8.20500 0.01399 -0.01824 0.01824 0.00425 0.01399 -0.01399
 8.21500 0.01403 -0.01810 0.01810 0.00407 0.01403 -0.01403
 8.22500 0.01407 -0.01796 0.01796 0.00389 0.01407 -0.01407
 8.23500 0.01411 -0.01782 0.01782 0.00371 0.01411 -0.01411
 8.24500 0.01415 -0.01768 0.01768 0.00353 0.01415 -0.01415
 8.25500 0.01418 -0.01754 0.01754 0.00336 0.01418 -0.01418
 8.26500 0.01421 -0.01740 0.01740 0.00318 0.01421 -0.01421
 8.27500 0.01424 -0.01725 0.01725 0.00301 0.01424 -0.01424
 8.28500 0.01427 -0.01711 0.01711 0.00284 0.01427 -0.01427
 8.29500 0.01430 -0.01697 0.01697 0.00267 0.01430 -0.01430
 8.30500 0.01433 -0.01682 0.01682 0.00250 0.01433 -0.01433
 8.31500 0.01435 -0.01668 0.01668 0.00233 0.01435 -0.01435
 8.32500 0.01437 -0.01654 0.01654 0.00216 0.01437 -0.01437
 8.33500 0.01439 -0.01639 0.01639 0.00200 0.01439 -0.01439
 8.34500 0.01441 -0.01625 0.01625 0.00184 0.01441 -0.01441
 8.35500 0.01443 -0.01611 0.01611 0.00168 0.01443 -0.01443
 8.36500 0.01445 -0.01596 0.01596 0.00151 0.01445 -0.01445
 8.37500 0.01446 -0.01582 0.01582 0.00136 0.01446 -0.01446
 8.38500 0.01447 -0.01567 0.01567 0.00120 0.01447 -0.01447
 8.39500 0.01448 -0.01553 0.01553 0.00104 0.01448 -0.01448
 8.40500 0.01449 -0.01538 0.01538 0.00089 0.01449 -0.01449
 8.41500 0.01450 -0.01524 0.01524 0.00073 0.01450 -0.01450
 8.42500 0.01451 -0.01509 0.01509 0.00058 0.01451 -0.01451
 8.43500 0.01451 -0.01495 0.01495 0.00043 0.01451 -0.01451
 8.44500 0.01452 -0.01480 0.01480 0.00028 0.01452 -0.01452
 8.45500 0.01452 -0.01466 0.01466 0.00014 0.01452 -0.01452
 8.46500 0.01452 -0.01451 0.01451 -0.00001 0.01452 -0.01452
 8.47500 0.01452 -0.01437 0.01437 -0.00015 0.01452 -0.01452
 8.48500 0.01452 -0.01422 0.01422 -0.00030 0.01452 -0.01452
 8.49500 0.01451 -0.01408 0.01408 -0.00044 0.01451 -0.01451
 8.50500 0.01451 -0.01393 0.01393 -0.00058 0.01451 -0.01451
 8.51500 0.01450 -0.01379 0.01379 -0.00072 0.01450 -0.01450
 8.52500 0.01449 -0.01364 0.01364 -0.00085 0.01449 -0.01449
 8.53500 0.01449 -0.01350 0.01350 -0.00099 0.01449 -0.01449
 8.54500 0.01447 -0.01335 0.01335 -0.00112 0.01447 -0.01447
 8.55500 0.01446 -0.01321 0.01321 -0.00126 0.01446 -0.01446
 8.56500 0.01445 -0.01306 0.01306 -0.00139 0.01445 -0.01445
 8.57500 0.01443 -0.01292 0.01292 -0.00152 0.01443 -0.01443
 8.58500 0.01442 -0.01277 0.01277 -0.00165 0.01442 -0.01442
 8.59500 0.01440 -0.01263 0.01263 -0.00177 0.01440 -0.01440
 8.60500 0.01438 -0.01249 0.01249 -0.00190 0.01438 -0.01438
 8.61500 0.01436 -0.01234 0.01234 -0.00202 0.01436 -0.01436
 8.62500 0.01434 -0.01220 0.01220 -0.00215 0.01434 -0.01434
 8.63500 0.01432 -0.01205 0.01205 -0.00227 0.01432 -0.01432
 8.64500 0.01430 -0.01191 0.01191 -0.00239 0.01430 -0.01430
 8.65500 0.01427 -0.01177 0.01177 -0.00250 0.01427 -0.01427
 8.66500 0.01425 -0.01163 0.01163 -0.00262 0.01425 -0.01425
 8.67500 0.01422 -0.01148 0.01148 -0.00274 0.01422 -0.01422
 8.68500 0.01419 -0.01134 0.01134 -0.00285 0.01419 -0.01419
 8.69500 0.01416 -0.01120 0.01120 -0.00296 0.01416 -0.01416
 8.70500 0.01413 -0.01106 0.01106 -0.00308 0.01413 -0.01413
 8.71500 0.01410 -0.01092 0.01092 -0.00319 0.01410 -0.01410
 8.72500 0.01407 -0.01078 0.01078 -0.00329 0.01407 -0.01407
 8.73500 0.01404 -0.01064 0.01064 -0.00340 0.01404 -0.01404
 8.74500 0.01400 -0.01050 0.01050 -0.00351 0.01400 -0.01400
 8.75500 0.01397 -0.01036 0.01036 -0.00361 0.01397 -0.01397
 8.76500 0.01393 -0.01022 0.01022 -0.00371 0.01393 -0.01393
 8.77500 0.01389 -0.01008 0.01008 -0.00381 0.01389 -0.01389
 8.78500 0.01385 -0.00994 0.00994 -0.00392 0.01385 -0.01385
 8.79500 0.01381 -0.00980 0.00980 -0.00401 0.01381 -0.01381
 8.80500 0.01377 -0.00966 0.00966 -0.00411 0.01377 -0.01377
 8.81500 0.01373 -0.00952 0.00952 -0.00421 0.01373 -0.01373
 8.82500 0.01369 -0.00939 0.00939 -0.00430 0.01369 -0.01369
 8.83500 0.01365 -0.00925 0.00925 -0.00439 0.01365 -0.01365
 8.84500 0.01360 -0.00911 0.00911 -0.00449 0.01360 -0.01360
 8.85500 0.01356 -0.00898 0.00898 -0.00458 0.01356 -0.01356
 8.86500 0.01351 -0.00884 0.00884 -0.00467 0.01351 -0.01351
 8.87500 0.01346 -0.00871 0.00871 -0.00475 0.01346 -0.01346
 8.88500 0.01341 -0.00857 0.00857 -0.00484 0.01341 -0.01341
 8.89500 0.01337 -0.00844 0.00844 -0.00493 0.01337 -0.01337
 8.90500 0.01332 -0.00831 0.00831 -0.00501 0.01332 -0.01332
 8.91500 0.01327 -0.00817 0.00817 -0.00509 0.01327 -0.01327
 8.92500 0.01321 -0.00804 0.00804 -0.00517 0.01321 -0.01321
 8.93500 0.01316 -0.00791 0.00791 -0.00525 0.01316 -0.01316
 8.94500 0.01311 -0.00778 0.00778 -0.00533 0.01311 -0.01311
 8.95500 0.01306 -0.00765 0.00765 -0.00541 0.01306 -0.01306
 8.96500 0.01300 -0.00752 0.00752 -0.00548 0.01300 -0.01300
 8.97500 0.01295 -0.00739 0.00739 -0.00556 0.01295 -0.01295
 8.98500 0.01289 -0.00726 0.00726 -0.00563 0.01289 -0.01289
 8.99500 0.01283 -0.00713 0.00713 -0.00570 0.01283 -0.01283
 9.00500 0.01278 -0.00700 0.00700 -0.00577 0.01278 -0.01278
 9.01500 0.01272 -0.00687 0.00687 -0.00584 0.01272 -0.01272
 9.02500 0.01266 -0.00675 0.00675 -0.00591 0.01266 -0.01266
 9.03500 0.01260 -0.00662 0.00662 -0.00598 0.01260 -0.01260
 9.04500 0.01254 -0.00650 0.00650 -0.00604 0.01254 -0.01254
 9.05500 0.01248 -0.00637 0.00637 -0.00611 0.01248 -0.01248
 9.06500 0.01242 -0.00625 0.00625 -0.00617 0.01242 -0.01242
 9.07500 0.01236 -0.00612 0.00612 -0.00623 0.01236 -0.01236
 9.08500 0.01229 -0.00600 0.00600 -0.00629 0.01229 -0.01229
 9.09500 0.01223 -0.00588 0.00588 -0.00635 0.01223 -0.01223
 9.10500 0.01217 -0.00575 0.00575 -0.00641 0.01217 -0.01217
 9.11500 0.01210 -0.00563 0.00563 -0.00647 0.01210 -0.01210
 9.12500 0.01204 -0.00551 0.00551 -0.00652 0.01204 -0.01204
 9.13500 0.01197 -0.00539 0.00539 -0.00658 0.01197 -0.01197
 9.14500 0.01190 -0.00527 0.00527 -0.00663 0.01190 -0.01190
 9.15500 0.01184 -0.00515 0.00515 -0.00668 0.01184 -0.01184
 9.16500 0.01177 -0.00504 0.00504 -0.00673 0.01177 -0.01177
 9.17500 0.01170 -0.00492 0.00492 -0.00678 0.01170 -0.01170
 9.18500 0.01164 -0.00480 0.00480 -0.00683 0.01164 -0.01164
 9.19500 0.01157 -0.00469 0.00469 -0.00688 0.01157 -0.01157
 9.20500 0.01150 -0.00457 0.00457 -0.00693 0.01150 -0.01150
 9.21500 0.01143 -0.00446 0.00446 -0.00697 0.01143 -0.01143
 9.22500 0.01136 -0.00434 0.00434 -0.00702 0.01136 -0.01136
 9.23500 0.01129 -0.00423 0.00423 -0.00706 0.01129 -0.01129
 9.24500 0.01122 -0.00412 0.00412 -0.00710 0.01122 -0.01122
 9.25500 0.01115 -0.00400 0.00400 -0.00714 0.01115 -0.01115
 9.26500 0.01107 -0.00389 0.00389 -0.00718 0.01107 -0.01107
 9.27500 0.01100 -0.00378 0.00378 -0.00722 0.01100 -0.01100
 9.28500 0.01093 -0.00367 0.00367 -0.00726 0.01093 -0.01093
 9.29500 0.01086 -0.00356 0.00356 -0.00729 0.01086 -0.01086
 9.30500 0.01078 -0.00346 0.00346 -0.00733 0.01078 -0.01078
 9.31500 0.01071 -0.00335 0.00335 -0.00736 0.01071 -0.01071
 9.32500 0.01064 -0.00324 0.00324 -0.00739 0.01064 -0.01064
 9.33500 0.01056 -0.00314 0.00314 -0.00743 0.01056 -0.01056
 9.34500 0.01049 -0.00303 0.00303 -0.00746 0.01049 -0.01049
 9.35500 0.01041 -0.00293 0.00293 -0.00749 0.01041 -0.01041
 9.36500 0.01034 -0.00282 0.00282 -0.00752 0.01034 -0.01034
 9.37500 0.01026 -0.00272 0.00272 -0.00754 0.01026 -0.01026
 9.38500 0.01019 -0.00262 0.00262 -0.00757 0.01019 -0.01019
 9.39500 0.01011 -0.00252 0.00252 -0.00760 0.01011 -0.01011
 9.40500 0.01004 -0.00241 0.00241 -0.00762 0.01004 -0.01004
 9.41500 0.00996 -0.00231 0.00231 -0.00764 0.00996 -0.00996
 9.42500 0.00988 -0.00222 0.00222 -0.00767 0.00988 -0.00988
 9.43500 0.00981 -0.00212 0.00212 -0.00769 0.00981 -0.00981
 9.44500 0.00973 -0.00202 0.00202 -0.00771 0.00973 -0.00973
 9.45500 0.00965 -0.00192 0.00192 -0.00773 0.00965 -0.00965
 9.46500 0.00957 -0.00183 0.00183 -0.00775 0.00957 -0.00957
 9.47500 0.00950 -0.00173 0.00173 -0.00777 0.00950 -0.00950
 9.48500 0.00942 -0.00164 0.00164 -0.00778 0.00942 -0.00942
 9.49500 0.00934 -0.00154 0.00154 -0.00780 0.00934 -0.00934
 9.50500 0.00926 -0.00145 0.00145 -0.00781 0.00926 -0.00926
 9.51500 0.00918 -0.00136 0.00136 -0.00783 0.00918 -0.00918
 9.52500 0.00911 -0.00127 0.00127 -0.00784 0.00911 -0.00911
 9.53500 0.00903 -0.00118 0.00118 -0.00785 0.00903 -0.00903
 9.54500 0.00895 -0.00109 0.00109 -0.00786 0.00895 -0.00895
 9.55500 0.00887 -0.00100 0.00100 -0.00787 0.00887 -0.00887
 9.56500 0.00879 -0.00091 0.00091 -0.00788 0.00879 -0.00879
 9.57500 0.00871 -0.00082 0.00082 -0.00789 0.00871 -0.00871
 9.58500 0.00863 -0.00073 0.00073 -0.00790 0.00863 -0.00863
 9.59500 0.00856 -0.00065 0.00065 -0.00791 0.00856 -0.00856
 9.60500 0.00848 -0.00056 0.00056 -0.00791 0.00848 -0.00848
 9.61500 0.00840 -0.00048 0.00048 -0.00792 0.00840 -0.00840
 9.62500 0.00832 -0.00039 0.00039 -0.00792 0.00832 -0.00832
 9.63500 0.00824 -0.00031 0.00031 -0.00793 0.00824 -0.00824
 9.64500 0.00816 -0.00023 0.00023 -0.00793 0.00816 -0.00816
 9.65500 0.00808 -0.00015 0.00015 -0.00793 0.00808 -0.00808
 9.66500 0.00800 -0.00007 0.00007 -0.00793 0.00800 -0.00800
 9.67500 0.00792 0.00001 -0.00001 -0.00793 0.00792 -0.00792
 9.68500 0.00784 0.00009 -0.00009 -0.00793 0.00784 -0.00784
 9.69500 0.00776 0.00017 -0.00017 -0.00793 0.00776 -0.00776
 9.70500 0.00768 0.00025 -0.00025 -0.00793 0.00768 -0.00768
 9.71500 0.00760 0.00032 -0.00032 -0.00793 0.00760 -0.00760
 9.72500 0.00752 0.00040 -0.00040 -0.00792 0.00752 -0.00752
 9.73500 0.00745 0.00047 -0.00047 -0.00792 0.00745 -0.00745
 9.74500 0.00737 0.00055 -0.00055 -0.00791 0.00737 -0.00737
 9.75500 0.00729 0.00062 -0.00062 -0.00791 0.00729 -0.00729
 9.76500 0.00721 0.00069 -0.00069 -0.00790 0.00721 -0.00721
 9.77500 0.00713 0.00076 -0.00076 -0.00789 0.00713 -0.00713
 9.78500 0.00705 0.00083 -0.00083 -0.00789 0.00705 -0.00705
 9.79500 0.00697 0.00090 -0.00090 -0.00788 0.00697 -0.00697
 9.80500 0.00689 0.00097 -0.00097 -0.00787 0.00689 -0.00689
 9.81500 0.00681 0.00104 -0.00104 -0.00786 0.00681 -0.00681
 9.82500 0.00674 0.00111 -0.00111 -0.00785 0.00674 -0.00674
 9.83500 0.00666 0.00118 -0.00118 -0.00783 0.00666 -0.00666
 9.84500 0.00658 0.00124 -0.00124 -0.00782 0.00658 -0.00658
 9.85500 0.00650 0.00131 -0.00131 -0.00781 0.00650 -0.00650
 9.86500 0.00642 0.00137 -0.00137 -0.00780 0.00642 -0.00642
 9.87500 0.00635 0.00144 -0.00144 -0.00778 0.00635 -0.00635
 9.88500 0.00627 0.00150 -0.00150 -0.00777 0.00627 -0.00627
 9.89500 0.00619 0.00156 -0.00156 -0.00775 0.00619 -0.00619
 9.90500 0.00611 0.00162 -0.00162 -0.00774 0.00611 -0.00611
 9.91500 0.00603 0.00168 -0.00168 -0.00772 0.00603 -0.00603
 9.92500 0.00596 0.00174 -0.00174 -0.00770 0.00596 -0.00596
 9.93500 0.00588 0.00180 -0.00180 -0.00768 0.00588 -0.00588
 9.94500 0.00580 0.00186 -0.00186 -0.00767 0.00580 -0.00580
 9.95500 0.00573 0.00192 -0.00192 -0.00765 0.00573 -0.00573
 9.96500 0.00565 0.00198 -0.00198 -0.00763 0.00565 -0.00565
 9.97500 0.00558 0.00203 -0.00203 -0.00761 0.00558 -0.00558
 9.98500 0.00550 0.00209 -0.00209 -0.00759 0.00550 -0.00550
 9.99500 0.00542 0.00214 -0.00214 -0.00757 0.00542 -0.00542
