101 3
 0.00000 1.00000 1.00000
 0.00100 1.00000 0.99701
 0.00200 1.00001 0.99402
 0.00300 1.00003 0.99105
 0.00400 1.00005 0.98808
 0.00500 1.00008 0.98512
 0.00600 1.00012 0.98217
 0.00700 1.00016 0.97923
 0.00800 1.00021 0.97630
 0.00900 1.00026 0.97338
 0.01000 1.00033 0.97046
 0.01100 1.00039 0.96756
 0.01200 1.00047 0.96466
 0.01300 1.00055 0.96177
 0.01400 1.00063 0.95889
 0.01500 1.00072 0.95602
 0.01600 1.00082 0.95316
 0.01700 1.00093 0.95031
 0.01800 1.00104 0.94746
 0.01900 1.00115 0.94462
 0.02000 1.00128 0.94180
 0.02100 1.00141 0.93898
 0.02200 1.00154 0.93617
 0.02300 1.00168 0.93336
 0.02400 1.00183 0.93057
 0.02500 1.00199 0.92778
 0.02600 1.00215 0.92500
 0.02700 1.00232 0.92224
 0.02800 1.00249 0.91947
 0.02900 1.00267 0.91672
 0.03000 1.00285 0.91398
 0.03100 1.00304 0.91124
 0.03200 1.00324 0.90851
 0.03300 1.00345 0.90579
 0.03400 1.00366 0.90308
 0.03500 1.00387 0.90038
 0.03600 1.00409 0.89768
 0.03700 1.00432 0.89500
 0.03800 1.00456 0.89232
 0.03900 1.00480 0.88964
 0.04000 1.00504 0.88698
 0.04100 1.00530 0.88433
 0.04200 1.00556 0.88168
 0.04300 1.00582 0.87904
 0.04400 1.00609 0.87641
 0.04500 1.00637 0.87378
 0.04600 1.00665 0.87117
 0.04700 1.00694 0.86856
 0.04800 1.00724 0.86596
 0.04900 1.00754 0.86337
 0.05000 1.00785 0.86078
 0.05100 1.00816 0.85821
 0.05200 1.00848 0.85564
 0.05300 1.00880 0.85308
 0.05400 1.00913 0.85052
 0.05500 1.00947 0.84798
 0.05600 1.00981 0.84544
 0.05700 1.01016 0.84291
 0.05800 1.01052 0.84038
 0.05900 1.01088 0.83787
 0.06000 1.01124 0.83536
 0.06100 1.01161 0.83286
 0.06200 1.01199 0.83037
 0.06300 1.01238 0.82788
 0.06400 1.01277 0.82540
 0.06500 1.01316 0.82293
 0.06600 1.01356 0.82047
 0.06700 1.01397 0.81801
 0.06800 1.01438 0.81556
 0.06900 1.01480 0.81312
 0.07000 1.01522 0.81069
 0.07100 1.01565 0.80826
 0.07200 1.01609 0.80584
 0.07300 1.01653 0.80343
 0.07400 1.01698 0.80102
 0.07500 1.01743 0.79863
 0.07600 1.01789 0.79623
 0.07700 1.01835 0.79385
 0.07800 1.01882 0.79147
 0.07900 1.01929 0.78911
 0.08000 1.01977 0.78674
 0.08100 1.02026 0.78439
 0.08200 1.02075 0.78204
 0.08300 1.02125 0.77970
 0.08400 1.02175 0.77737
 0.08500 1.02226 0.77504
 0.08600 1.02277 0.77272
 0.08700 1.02329 0.77040
 0.08800 1.02381 0.76810
 0.08900 1.02434 0.76580
 0.09000 1.02487 0.76351
 0.09100 1.02541 0.76122
 0.09200 1.02596 0.75894
 0.09300 1.02651 0.75667
 0.09400 1.02706 0.75441
 0.09500 1.02762 0.75215
 0.09600 1.02819 0.74990
 0.09700 1.02876 0.74765
 0.09800 1.02933 0.74541
 0.09900 1.02992 0.74318
 0.10000 1.03050 0.74096
